,Date,Open,High,Low,Close,Adj Close,Volume,sen_mean,twt_volume,sen_sum
0,2024-01-02,492.4400024414063,492.9500122070313,475.9500122070313,481.6799926757813,481.6574096679688,41125400,1.0837735849056604,1325,1436
1,2024-01-03,474.8500061035156,481.8399963378906,473.2000122070313,475.6900024414063,475.6676940917969,32089600,1.1024327784891166,1562,1722
2,2024-01-04,477.6700134277344,485.0,475.0799865722656,479.9800109863281,479.9574890136719,30653500,1.138872043662826,1649,1878
3,2024-01-05,484.6199951171875,495.4700012207031,483.05999755859375,490.9700012207031,490.9469604492188,41456800,1.1439706556625402,2181,2495
4,2024-01-08,495.1199951171875,522.75,494.7900085449219,522.530029296875,522.5054931640625,64251000,1.1064814814814814,3888,4302
5,2024-01-09,524.010009765625,543.25,516.9000244140625,531.4000244140625,531.3751220703125,77310000,1.1044579266684251,3791,4187
6,2024-01-10,536.1599731445312,546.0,534.8900146484375,543.5,543.4744873046875,53379600,1.0977443609022557,3059,3358
7,2024-01-11,549.989990234375,553.4600219726562,535.5999755859375,548.219970703125,548.1942749023438,59675900,1.0984438430311232,2956,3247
8,2024-01-12,546.2000122070312,549.7000122070312,543.2999877929688,547.0999755859375,547.0743408203125,35247900,1.1717171717171717,2673,3132
9,2024-01-16,550.1799926757812,568.3499755859375,549.0,563.8200073242188,563.7935791015625,44958000,1.070578231292517,2352,2518
10,2024-01-17,563.469970703125,564.7100219726562,547.4000244140625,560.530029296875,560.5037231445312,47439400,1.088310580204778,2344,2551
11,2024-01-18,572.5999755859375,576.0,561.0700073242188,571.0700073242188,571.043212890625,49165000,1.1257082152974505,2824,3179
12,2024-01-19,579.8900146484375,595.0,572.25,594.9099731445312,594.882080078125,54210300,1.10990375659733,3221,3575
13,2024-01-22,600.489990234375,603.3099975585938,590.7000122070312,596.5399780273438,596.5120239257812,45295500,1.08688906128782,2578,2802
14,2024-01-23,595.7000122070312,599.0999755859375,585.8499755859375,598.72998046875,598.701904296875,29465400,1.1193415637860082,1458,1632
15,2024-01-24,603.0399780273438,628.489990234375,599.3800048828125,613.6199951171875,613.5911865234375,56027100,1.0435161009573541,2298,2398
16,2024-01-25,623.5,627.1900024414062,608.5,616.1699829101562,616.1410522460938,48277700,0.8993288590604027,298,268
17,2024-01-26,609.5999755859375,617.8300170898438,605.72998046875,610.3099975585938,610.2813720703125,39030900,1.0481463649494462,2077,2177
18,2024-01-29,612.3200073242188,624.8900146484375,609.0700073242188,624.6500244140625,624.6207275390625,34873300,1.1559633027522935,1635,1890
19,2024-01-30,629.0,634.9299926757812,622.5999755859375,627.739990234375,627.7105712890625,41073500,1.0586113615870154,2218,2348
20,2024-01-31,614.4000244140625,622.6900024414062,607.0,615.27001953125,615.2411499023438,45379500,1.05055880787653,1879,1974
21,2024-02-01,621.0,631.9099731445312,616.5,630.27001953125,630.240478515625,36914600,1.0440366972477064,2180,2276
22,2024-02-02,639.739990234375,666.0,636.9000244140625,661.5999755859375,661.5689697265625,47578000,1.051823416506718,3126,3288
23,2024-02-05,682.25,694.969970703125,672.0499877929688,693.3200073242188,693.2874755859375,68007800,1.0425219941348973,4092,4266
24,2024-02-06,696.2999877929688,697.5399780273438,663.0,682.22998046875,682.197998046875,68311100,1.0158085879085665,4681,4755
25,2024-02-07,683.1900024414062,702.2000122070312,676.0,700.989990234375,700.9570922851562,49557500,1.039485229599298,3419,3554
26,2024-02-08,700.739990234375,707.9400024414062,694.5499877929688,696.4099731445312,696.3773193359375,41442200,1.0541117835528657,2809,2961
27,2024-02-09,705.3300170898438,721.8499755859375,702.1199951171875,721.3300170898438,721.2962036132812,43663700,1.040901007705987,3374,3512
28,2024-02-12,726.0,746.1099853515625,712.5,722.47998046875,722.4461059570312,61371000,1.0672699849170437,3315,3538
29,2024-02-13,704.0,734.5,696.2000122070312,721.280029296875,721.2462158203125,60258000,1.0181492842535786,3912,3983
30,2024-02-14,732.02001953125,742.3599853515625,719.3800048828125,739.0,738.96533203125,50491700,1.0367321089297024,3158,3274
31,2024-02-15,738.6900024414062,739.75,724.0,726.5800170898438,726.5459594726562,42012200,1.015111886079628,3441,3493
32,2024-02-16,741.0,744.02001953125,725.010009765625,726.1300048828125,726.095947265625,49391800,1.0453497309761721,1301,1360
33,2024-02-20,719.469970703125,719.5599975585938,677.3400268554688,694.52001953125,694.4874267578125,70483300,1.0036524413687042,5202,5221
34,2024-02-21,680.0599975585938,688.8800048828125,662.47998046875,674.719970703125,674.6882934570312,69029800,1.0249223334483948,14485,14846
35,2024-02-22,750.25,785.75,742.2000122070312,785.3800048828125,785.3431396484375,86510000,1.0707921196762855,12233,13099
36,2024-02-23,807.9000244140625,823.9400024414062,775.7000122070312,788.1699829101562,788.1329956054688,82938800,1.0632679000141223,7081,7529
37,2024-02-26,797.0,806.4600219726562,785.0499877929688,790.9199829101562,790.8828735351562,50397300,1.0583941605839415,3151,3335
38,2024-02-27,793.8099975585938,794.7999877929688,771.6199951171875,787.010009765625,786.9730834960938,39170500,1.0366218236173392,2676,2774
39,2024-02-28,776.2000122070312,789.3300170898438,771.25,776.6300048828125,776.5935668945312,39311000,1.0116279069767442,2580,2610
40,2024-02-29,790.9400024414062,799.9000244140625,783.5,791.1199951171875,791.0828857421875,50728900,1.0462020360219264,2554,2672
41,2024-03-01,800.0,823.0,794.3499755859375,822.7899780273438,822.7514038085938,47677700,1.072770653146436,3353,3597
42,2024-03-04,841.2999877929688,876.9500122070312,837.1900024414062,852.3699951171875,852.3300170898438,61561600,1.0494974874371858,3980,4177
43,2024-03-05,852.7000122070312,860.969970703125,834.1699829101562,859.6400146484375,859.6400146484375,52063900,1.0015188335358445,3292,3297
44,2024-03-06,880.219970703125,897.239990234375,870.2999877929688,887.0,887.0,58252000,1.0226942100669187,3437,3515
45,2024-03-07,901.5800170898438,927.6699829101562,896.02001953125,926.6900024414062,926.6900024414062,60811900,1.0321262766945218,5385,5558
46,2024-03-08,951.3800048828124,974.0,865.0599975585938,875.280029296875,875.280029296875,113299600,0.9983223487118035,8345,8331
47,2024-03-11,864.2899780273438,887.969970703125,841.6599731445312,857.739990234375,857.739990234375,67836400,1.077942322681216,5132,5532
48,2024-03-12,880.489990234375,919.5999755859376,861.5,919.1300048828124,919.1300048828124,66807500,1.1215880893300247,5239,5876
49,2024-03-13,910.5499877929688,915.0399780273438,884.3499755859375,908.8800048828124,908.8800048828124,63571300,1.1149327066866055,4681,5219
50,2024-03-14,895.77001953125,906.4600219726562,866.0,879.4400024414062,879.4400024414062,60231800,1.0924591738712777,4164,4549
51,2024-03-15,869.2999877929688,895.4600219726562,862.5700073242188,878.3699951171875,878.3699951171875,64019300,1.1150514347590688,3694,4119
52,2024-03-18,903.8800048828124,924.0499877929688,870.8499755859375,884.5499877929688,884.5499877929688,66897600,1.1006828926632815,5711,6286
53,2024-03-19,867.0,905.4400024414062,850.0999755859375,893.97998046875,893.97998046875,67217100,1.1096041633811702,6341,7036
54,2024-03-20,897.969970703125,904.0999755859376,882.22998046875,903.719970703125,903.719970703125,47906300,1.1474373447730866,4429,5082
55,2024-03-21,923.0,926.47998046875,904.0499877929688,914.3499755859376,914.3499755859376,48037200,1.1442480143479374,3903,4466
56,2024-03-22,911.4099731445312,947.780029296875,908.3400268554688,942.8900146484376,942.8900146484376,58521500,1.140387275242047,4338,4947
57,2024-03-25,939.4099731445312,967.6599731445312,935.0999755859376,950.02001953125,950.02001953125,55213600,1.1465540724598202,3671,4209
58,2024-03-26,958.510009765625,963.75,925.02001953125,925.6099853515624,925.6099853515624,51364800,1.06972408650261,2682,2869
59,2024-03-27,931.1199951171876,932.4000244140624,891.22998046875,902.5,902.5,58606700,1.043436905516804,3154,3291
60,2024-03-28,900.0,913.0,891.9299926757812,903.5599975585938,903.5599975585938,43521200,1.1017359709325798,2477,2729
