Date,Open,High,Low,Close,Adj Close,Volume
2024-01-02,492.44000244140625,492.95001220703125,475.95001220703125,481.67999267578125,481.65740966796875,41125400
2024-01-03,474.8500061035156,481.8399963378906,473.20001220703125,475.69000244140625,475.6676940917969,32089600
2024-01-04,477.6700134277344,485.0,475.0799865722656,479.9800109863281,479.9574890136719,30653500
2024-01-05,484.6199951171875,495.4700012207031,483.05999755859375,490.9700012207031,490.94696044921875,41456800
2024-01-08,495.1199951171875,522.75,494.7900085449219,522.530029296875,522.5054931640625,64251000
2024-01-09,524.010009765625,543.25,516.9000244140625,531.4000244140625,531.3751220703125,77310000
2024-01-10,536.1599731445312,546.0,534.8900146484375,543.5,543.4744873046875,53379600
2024-01-11,549.989990234375,553.4600219726562,535.5999755859375,548.219970703125,548.1942749023438,59675900
2024-01-12,546.2000122070312,549.7000122070312,543.2999877929688,547.0999755859375,547.0743408203125,35247900
2024-01-16,550.1799926757812,568.3499755859375,549.0,563.8200073242188,563.7935791015625,44958000
2024-01-17,563.469970703125,564.7100219726562,547.4000244140625,560.530029296875,560.5037231445312,47439400
2024-01-18,572.5999755859375,576.0,561.0700073242188,571.0700073242188,571.043212890625,49165000
2024-01-19,579.8900146484375,595.0,572.25,594.9099731445312,594.882080078125,54210300
2024-01-22,600.489990234375,603.3099975585938,590.7000122070312,596.5399780273438,596.5120239257812,45295500
2024-01-23,595.7000122070312,599.0999755859375,585.8499755859375,598.72998046875,598.701904296875,29465400
2024-01-24,603.0399780273438,628.489990234375,599.3800048828125,613.6199951171875,613.5911865234375,56027100
2024-01-25,623.5,627.1900024414062,608.5,616.1699829101562,616.1410522460938,48277700
2024-01-26,609.5999755859375,617.8300170898438,605.72998046875,610.3099975585938,610.2813720703125,39030900
2024-01-29,612.3200073242188,624.8900146484375,609.0700073242188,624.6500244140625,624.6207275390625,34873300
2024-01-30,629.0,634.9299926757812,622.5999755859375,627.739990234375,627.7105712890625,41073500
2024-01-31,614.4000244140625,622.6900024414062,607.0,615.27001953125,615.2411499023438,45379500
2024-02-01,621.0,631.9099731445312,616.5,630.27001953125,630.240478515625,36914600
2024-02-02,639.739990234375,666.0,636.9000244140625,661.5999755859375,661.5689697265625,47578000
2024-02-05,682.25,694.969970703125,672.0499877929688,693.3200073242188,693.2874755859375,68007800
2024-02-06,696.2999877929688,697.5399780273438,663.0,682.22998046875,682.197998046875,68311100
2024-02-07,683.1900024414062,702.2000122070312,676.0,700.989990234375,700.9570922851562,49557500
2024-02-08,700.739990234375,707.9400024414062,694.5499877929688,696.4099731445312,696.3773193359375,41442200
2024-02-09,705.3300170898438,721.8499755859375,702.1199951171875,721.3300170898438,721.2962036132812,43663700
2024-02-12,726.0,746.1099853515625,712.5,722.47998046875,722.4461059570312,61371000
2024-02-13,704.0,734.5,696.2000122070312,721.280029296875,721.2462158203125,60258000
2024-02-14,732.02001953125,742.3599853515625,719.3800048828125,739.0,738.96533203125,50491700
2024-02-15,738.6900024414062,739.75,724.0,726.5800170898438,726.5459594726562,42012200
2024-02-16,741.0,744.02001953125,725.010009765625,726.1300048828125,726.095947265625,49391800
2024-02-20,719.469970703125,719.5599975585938,677.3400268554688,694.52001953125,694.4874267578125,70483300
2024-02-21,680.0599975585938,688.8800048828125,662.47998046875,674.719970703125,674.6882934570312,69029800
2024-02-22,750.25,785.75,742.2000122070312,785.3800048828125,785.3431396484375,86510000
2024-02-23,807.9000244140625,823.9400024414062,775.7000122070312,788.1699829101562,788.1329956054688,82938800
2024-02-26,797.0,806.4600219726562,785.0499877929688,790.9199829101562,790.8828735351562,50397300
2024-02-27,793.8099975585938,794.7999877929688,771.6199951171875,787.010009765625,786.9730834960938,39170500
2024-02-28,776.2000122070312,789.3300170898438,771.25,776.6300048828125,776.5935668945312,39311000
2024-02-29,790.9400024414062,799.9000244140625,783.5,791.1199951171875,791.0828857421875,50728900
2024-03-01,800.0,823.0,794.3499755859375,822.7899780273438,822.7514038085938,47677700
2024-03-04,841.2999877929688,876.9500122070312,837.1900024414062,852.3699951171875,852.3300170898438,61561600
2024-03-05,852.7000122070312,860.969970703125,834.1699829101562,859.6400146484375,859.6400146484375,52063900
2024-03-06,880.219970703125,897.239990234375,870.2999877929688,887.0,887.0,58252000
2024-03-07,901.5800170898438,927.6699829101562,896.02001953125,926.6900024414062,926.6900024414062,60811900
2024-03-08,951.3800048828125,974.0,865.0599975585938,875.280029296875,875.280029296875,113299600
2024-03-11,864.2899780273438,887.969970703125,841.6599731445312,857.739990234375,857.739990234375,67836400
2024-03-12,880.489990234375,919.5999755859375,861.5,919.1300048828125,919.1300048828125,66807500
2024-03-13,910.5499877929688,915.0399780273438,884.3499755859375,908.8800048828125,908.8800048828125,63571300
2024-03-14,895.77001953125,906.4600219726562,866.0,879.4400024414062,879.4400024414062,60231800
2024-03-15,869.2999877929688,895.4600219726562,862.5700073242188,878.3699951171875,878.3699951171875,64019300
2024-03-18,903.8800048828125,924.0499877929688,870.8499755859375,884.5499877929688,884.5499877929688,66897600
2024-03-19,867.0,905.4400024414062,850.0999755859375,893.97998046875,893.97998046875,67217100
2024-03-20,897.969970703125,904.0999755859375,882.22998046875,903.719970703125,903.719970703125,47906300
2024-03-21,923.0,926.47998046875,904.0499877929688,914.3499755859375,914.3499755859375,48037200
2024-03-22,911.4099731445312,947.780029296875,908.3400268554688,942.8900146484375,942.8900146484375,58521500
2024-03-25,939.4099731445312,967.6599731445312,935.0999755859375,950.02001953125,950.02001953125,55213600
2024-03-26,958.510009765625,963.75,925.02001953125,925.6099853515625,925.6099853515625,51364800
2024-03-27,931.1199951171875,932.4000244140625,891.22998046875,902.5,902.5,58606700
2024-03-28,900.0,913.0,891.9299926757812,903.5599975585938,903.5599975585938,43521200
